# callgrind format
version: 1
creator: callgrind-3.15.0
pid: 9848
cmd:  ./sha256 alexa
part: 1


desc: I1 cache: 32768 B, 64 B, 8-way associative
desc: D1 cache: 32768 B, 64 B, 8-way associative
desc: LL cache: 6291456 B, 64 B, 12-way associative

desc: Timerange: Basic block 0 - 19723
desc: Trigger: Program termination

positions: instr line
events: Ir Dr Dw I1mr D1mr D1mw ILmr DLmr DLmw
summary: 0


ob=(3) ???
fl=(2) ???
fn=(46) 0x0000000004889450
0x4889450 0 12 0 0 1 0 0 1
+4 0 12 12 0 0 1 0 0 1
cob=(4) /usr/lib/x86_64-linux-gnu/ld-2.31.so
cfi=(15) /build/glibc-wuryBv/glibc-2.31/elf/dl-tunables.c
cfn=(50) __tunable_get_val
calls=11 0x1a5e0 368 
* 0 218 44 11 0 14 0 0 14
cob=(4)
cfi=(8) /build/glibc-wuryBv/glibc-2.31/elf/../sysdeps/x86_64/dl-trampoline.h
cfn=(24) _dl_runtime_resolve_xsave
calls=1 0x18af0 67 
* 0 797 255 129 4 49 22 4 8 2
* 0 5 2 2 1 1 0 1

fn=(18) 0x0000000004889510
0x4889510 0 1 0 0 1 0 0 1
+4 0 1 1 0 0 1 0 0 1
cob=(4)
cfi=(8)
cfn=(24)
calls=1 0x18af0 67 
* 0 886 275 132 40 54 23 40 54 23
* 0 5 2 2 2 1 1 2 1 1

fn=(68) 0x0000000004889560
0x4889560 0 1 0 0 1 0 0 1
+4 0 1 1 0 0 1
cob=(2) /usr/lib/x86_64-linux-gnu/libc-2.31.so
cfi=(20) /build/glibc-wuryBv/glibc-2.31/string/../sysdeps/x86_64/multiarch/memset-vec-unaligned-erms.S
cfn=(70) __memset_avx2_unaligned_erms
calls=1 0x18bd90 167 
* 0 12 1 2 1 0 0 1

fn=(4) 0x0000000000109140
0x109140 0 1 0 0 1 0 0 1
+4 0 1 1 0 0 1 0 0 1
cob=(2)
cfi=(3) /build/glibc-wuryBv/glibc-2.31/malloc/malloc.c
cfn=(6) calloc
calls=1 0x9bb10 3366 
* 0 75064 15051 624 123 1246 103 123 1194 79

fn=(72) 0x0000000000109150
0x109150 0 1
+4 0 1 1 0 0 1
cob=(2)
cfi=(21) /build/glibc-wuryBv/glibc-2.31/string/../sysdeps/x86_64/multiarch/memmove-vec-unaligned-erms.S
cfn=(74) __memcpy_avx_unaligned_erms
calls=1 0x18b910 225 
* 0 15 3 2 3 1 0 3 1

ob=(2)
fl=(19) /build/glibc-wuryBv/glibc-2.31/misc/../sysdeps/unix/sysv/linux/x86_64/brk.c
fn=(66) brk
0x1144a0 28 2 0 0 1 0 0 1
+4 +3 2
+5 * 2
+2 * 2
+6 * 2
+2 * 2 2
+7 * 2 0 2
+3 +2 2
+3 * 2 0 0 1 0 0 1
+2 +6 2
+2 +1 2 2

fl=(20)
fn=(70)
0x18bd90 167 1 0 0 1 0 0 1
+4 +1 1
+4 * 1
+3 * 1
+5 +5 1
+4 +1 1
+6 +1 1
+4 +1 1
+2 +2 1 0 1
+6 +1 1 0 1
+4 +1 1
+3 +1 1 1

fl=(6) /build/glibc-wuryBv/glibc-2.31/elf/dl-addr.c
fn=(14) _dl_addr
0x15f680 126 1 0 0 1 0 0 1
+4 * 1 0 1
+2 * 1 0 1
+2 * 1
+3 * 1 0 1
+2 * 1
+3 * 1 0 1
+2 +2 1
+3 -2 1 0 1
+1 * 1 0 1 0 0 1 0 0 1
+1 * 1
+3 * 1
+4 +5 1 1 0 0 1 0 0 1
+7 -5 1 0 1
+5 +5 1
+7 * 1 1 1 0 1 0 0 1
cob=(4)
cfi=(7) /build/glibc-wuryBv/glibc-2.31/elf/rtld.c
cfn=(16) rtld_lock_default_lock_recursive
calls=1 0x1150 801 
* * 3 1 1 1 0 1 1 0 1
+7 +2 1
+3 * 1 0 1
cob=(3)
cfi=(2)
cfn=(18)
calls=1 0x4889510 0 
* * 893 278 134 43 56 24 43 56 24
+5 +2 1 0 0 1 0 0 1
+3 * 1
+6 30 1 1
+4 * 1
+5 * 1 1
+7 * 1 0 1
+5 +4 1 1
+3 * 1
+6 +5 1 1
+4 +6 1 1 0 0 1 0 0 1
+7 -7 1 1
+4 +2 1 1
+4 * 1 1
+4 +2 1 1 0 1 0 0 1
+7 -2 1 0 1
+5 +2 1 1
+3 * 1 0 1
+4 +3 1
+3 * 1
+6 +4 1 1
+6 * 1
+2 * 1
+6 * 1 1
+7 * 1
+3 -5 1
+3 * 1
+4 * 1
+4 * 1
jump=1 +19 +7 
* * 
+3 +5 1011
+3 * 1011
+3 * 1011
jcnd=1/1011 0x15f7e8 +51 
* * 
+6 * 1010
+4 +2 1010 1010 0 0 63 0 0 62
+2 +1 1010
+2 * 1010
jcnd=91/1010 -20 -3 
* * 
-4 -1 1 1 0 1 1 0 1 1
+2 +1 1
+2 * 1
jcnd=1/1 -20 -3 
* * 
+2 +2 919 919
+7 * 919
+4 * 919
jump=919 +89 +6 
* * 
+14 +10 2327 2327
+5 * 2327
+4 * 2327
+4 * 2327
jcnd=3/2327 +52 +6 
* * 
+2 +1 2324 2324 0 0 287 0 0 287
+4 * 2324 2324
+3 * 2324
+3 * 2324
+3 * 2324
jcnd=1652/2324 +37 +5 
* * 
+2 * 672
+3 * 672
+6 * 672 672 0 0 84 0 0 84
+4 * 672
+3 * 672
jcnd=672/672 0x15f911 * 
* * 
+19 +5 2358
+4 * 2358 2358 0 0 148 0 0 148
+4 * 2358
jcnd=919/2358 0x15f740 -21 
* * 
+2 -10 2358 0 0 1 0 0 1
+3 * 2358
+3 * 2358 0 0 1 0 0 1
+4 +1 2358
+2 * 2358
+4 * 2358
+4 * 2358 2358 0 0 514 0 0 514
+4 * 2358
+3 * 2358
+2 +2 2358
+4 * 2358
jcnd=31/2358 -43 +7 
* * 
+2 * 2327
jump=2327 0x15f76f +1 
* * 
+11 +37 1
+3 * 1
+2 +1 1 0 1 0 0 1
+3 +1 1 1 0 0 1
+5 * 1
+3 * 1
jcnd=1/1 +5 +3 
* * 
+5 +3 1
+3 * 1 0 0 1 0 0 1
jcnd=1/1 0x15f940 +12 
* * 
+50 +36 1
+7 * 1 1 1 0 1
cob=(4)
cfi=(7)
cfn=(42) rtld_lock_default_unlock_recursive
calls=1 0x1160 807 
* * 3 1 1 0 0 1
+7 +3 1 0 0 1 0 0 1
+4 * 1
+3 * 1 1
+1 * 1 1
+1 * 1 1
+2 * 1 1
+2 * 1 1
+2 * 1 1
+2 * 1 1
0x15f911 -79 672 0 0 1 0 0 1
+3 * 672
+3 * 672
jcnd=672/672 0x15f7b0 +5 
* * 
+41 +52 1 0 0 1 0 0 1
+4 +21 1
+6 -21 1 0 1 0 0 1
+5 * 1
jump=1 0x15f832 +24 
* * 

fl=(4) /build/glibc-wuryBv/glibc-2.31/malloc/hooks.c
fn=(8) malloc_hook_ini
0x99b10 29 1 0 0 1 0 0 1
+4 * 1 0 1
fi=(5) /build/glibc-wuryBv/glibc-2.31/malloc/arena.c
+2 291 1 1 0 0 1 0 0 1
fe=(4)
+6 29 1 0 1
+1 * 1
+3 * 1 0 1
+1 +1 1 1
+7 * 1 0 1
fi=(5)
+7 291 1
+2 * 1
+6 * 1 0 1 0 0 1 0 0 1
cfn=(12) ptmalloc_init.part.0
calls=1 0x99050 -2 
* * 74339 14920 441 69 1229 89 69 1183 65
+5 * 1 1 0 0 1
fi=(3)
+3 3032 1 0 0 1 0 0 1
+3 * 1
+6 1208 1
+3 * 1
+6 +2 1
+4 * 1
+2 * 1
+4 * 1
jcnd=1/1 0x99be0 * 
* * 
+6 3044 1 1
+7 * 1 1 0 0 1 0 0 1
+5 * 1
+3 * 1
jcnd=1/1 0x99bf8 -66 
* * 
+19 +12 1 1 0 1 0 0 1
+8 * 1
+2 * 1
+6 +2 1
+3 * 1
+7 * 1 0 1
cfn=(58) _int_malloc
calls=1 0x97a70 1208 
* * 141 24 24 3 0 1 3 0 1
+5 * 1
+3 +1 1
+3 * 1
+6 * 1 1
+4 * 1
+2 * 1
+2 * 1
+2 * 1
jfi=(4)
jcnd=1/1 +28 33 
* * 
fe=(4)
+28 33 1 1 0 0 1
+1 * 1
+3 * 1 1
+1 * 1 1
+2 * 1 1
fi=(3)
+5 1210 1 0 0 1 0 0 1
+4 * 1
+4 * 1
+4 * 1
jump=1 0x99b61 3044 
* * 
+12 2978 1 1 0 0 1 0 0 1
+7 * 1 1 0 1 0 0 1
+4 * 1
+6 * 1 0 1
cfn=(54) tcache_init.part.0
calls=1 0x98940 +3 
* * 476 82 145 40 8 11 40 6 11
+5 +69 1 1
+7 * 1
+6 +1 1 1
+5 * 1
+3 * 1
+6 * 1
+7 * 1
+4 +1 1 1
+3 * 1
+3 * 1
jcnd=1/1 0x99b83 +7 
* * 
fe=(4)

fl=(17) /build/glibc-wuryBv/glibc-2.31/malloc/morecore.c
fn=(62) __default_morecore
0x9cb80 46 2 0 0 1 0 0 1
+4 * 2
+4 +1 2 0 2
cfi=(18) /build/glibc-wuryBv/glibc-2.31/misc/sbrk.c
cfn=(64) sbrk
calls=2 0x114500 -15 
* * 73 18 10 5 3 0 5 2
+5 +2 2
+5 * 2
+4 * 2
+4 +3 2
+4 * 2 2

fl=(3)
fn=(54)
0x98940 2981 1 1 0 1 0 0 1
+7 -9 1 0 1
+1 +9 1 1
+4 * 1
+3 * 1
+6 * 1 1
+8 * 1
+2 * 1
fi=(16) /build/glibc-wuryBv/glibc-2.31/malloc/../sysdeps/unix/sysv/linux/x86/lowlevellock.h
+6 47 1
+5 * 1 0 1
fe=(3)
+4 2982 1
+5 * 1
+3 * 1 0 1
cfn=(58)
calls=1 0x97a70 1208 
* * 362 75 59 37 8 2 37 6 2
+5 * 1
+3 +1 1 0 0 1 0 0 1
+3 * 1
+6 +8 1 1
+8 * 1
+2 * 1
+6 * 1 0 1
+4 +7 1
+3 * 1
+2 +2 1 1
+7 +1 1
+4 * 1
+4 -1 1 0 1
+4 +1 1
+2 * 1 0 1
+7 * 1 0 1 1 0 0 1
+11 * 1
+3 * 1
+7 * 1
+3 * 1 0 1
jcnd=1/1 * * 
* * 
* * 79 0 78 0 0 9 0 0 9
jcnd=78/79 * * 
* * 
+3 +3 1 1
+1 * 1 1

fn=(60) sysmalloc
0x97200 2255 1 0 1 1 0 0 1
+2 * 1 0 1
+2 * 1 0 1
+2 * 1 0 1
+2 * 1 0 1
+1 * 1
+3 * 1 0 1
+1 * 1
+4 +20 1 1
+7 * 1 1
+4 +11 1
+3 * 1
+6 +1 1 1 0 0 1 0 0 1
+7 * 1
+3 * 1
+6 * 1 0 1
+5 * 1
fi=(5)
+4 536 1 0 0 1 0 0 1
+3 * 1
+3 * 1 0 1
fe=(3)
+5 2302 1
+5 * 1
+3 * 1 0 1
+5 * 1 0 1
+5 +66 1 1
+4 +1 1 1
+4 * 1
+3 * 1
+4 +1 1
+4 +9 1 1
+5 * 1
+2 * 1
+3 * 1
jcnd=1/1 +33 +6 
* * 
+33 +6 1 0 0 1 0 0 1
+4 * 1
+3 * 1
+6 +3 1
+7 * 1
+3 * 1
jcnd=1/1 0x97528 +61 
* * 
0x97329 2705 1 1 0 1 0 0 1
+7 * 1
+2 +1 1 0 1
+7 +5 1 1
+4 * 1 0 0 1 0 0 1
+4 +3 1
+3 * 1
+6 +2 1
+3 * 1
+7 +1 1
+4 -1 1
+3 +2 1
+4 * 1
+3 * 1 0 1
+4 +1 1
+4 +1 1
+4 +2 1
+4 -3 1
+4 * 1 0 1
+4 +1 1 0 1 0 0 1 0 0 1
+4 +8 1 0 0 1 0 0 1
+4 * 1
+3 * 1 1
+1 * 1 1
+1 * 1 1
+2 * 1 1
+2 * 1 1
+2 * 1 1
+2 * 1 1
0x97528 2449 1 0 0 1 0 0 1
+4 * 1
+3 * 1 0 1
+5 * 1 1
+7 * 1
+3 * 1 0 0 1 0 0 1
+5 * 1
+3 * 1 1
+4 * 1
+6 +11 1
+3 +8 1
+3 * 1
+3 * 1
+6 +2 1 1 0 0 1
+7 * 1 0 1
+5 * 1
+3 * 1 0 1
+5 * 1 1 1
cfi=(17)
cfn=(62)
calls=1 0x9cb80 46 
* * 62 12 8 6 2 0 6 1
+2 * 1
+3 +1 1
+1 +3 1
+3 * 1 1 0 1 0 0 1
+5 * 1 1
+5 * 1
+6 +3 1 1 0 0 1 0 0 1
+7 * 1 1
+3 +1 1
+3 * 1
+6 +46 1 1
+7 * 1 1 0 0 1 0 0 1
+7 * 1
+5 * 1
+3 * 1
+3 * 1
jcnd=1/1 0x97702 +1 
* * 
+8 +2 1 0 1 1 0 0 1
+7 +6 1
+3 * 1
jcnd=1/1 0x97800 +3 
* * 
0x97702 -7 1 0 1 1 0 0 1
+7 * 1
jump=1 0x975c0 +1 
* * 
0x9778a 2661 1 0 0 1 0 0 1
+3 -1 1 0 1
+7 +1 1
+3 * 1
+4 * 1 0 1 0 0 1 0 0 1
+4 +1 1 0 1
+7 +11 1
+3 * 1
jcnd=1/1 0x97329 +32 
* * 
+87 2535 1 1 0 1 0 0 1
+7 * 1
+6 * 1
+3 * 1
jcnd=1/1 +32 +40 
* * 
+32 +40 1
+3 * 1
+3 * 1
jcnd=1/1 0x978a8 +47 
* * 
+22 +22 1 0 0 1 0 0 1
+4 +1 1 1
+5 -1 1
+4 +1 1
+3 * 1
+3 * 1
+3 * 1
+4 * 1
+3 +2 1
+3 * 1
+6 +1 1 1
+7 * 1 1 1
cfi=(17)
cfn=(62)
calls=1 0x9cb80 46 
* * 27 8 4 0 1 0 0 1
+2 +12 1
+3 * 1
+2 +8 1 1
+7 * 1 1
+3 +1 1
+3 * 1
+2 * 1 1
+7 * 1 1
+5 * 1
+3 * 1
jump=1 0x9778a +39 
* * 
+10 * 1 0 1 1 0 0 1
+5 * 1
+3 * 1
jump=1 0x9784c -25 
* * 

fn=(6)
0x9bb10 3366 1 0 0 1 0 0 1
+4 * 1 0 1
+2 +10 1
+3 -10 1 0 1 0 0 1 0 0 1
+2 * 1 0 1
+1 * 1 0 1
+1 * 1
+4 +10 1
+3 * 1
+3 * 1
+3 * 1
+3 * 1
+6 * 1
+3 * 1
+3 * 1
+6 +8 1 1 0 1 1 0 1 1
+7 * 1 1 0 0 1 0 0 1
+3 +1 1
+3 * 1
jcnd=1/1 0x9bce0 +2 
* * 
0x9bce0 +2 1 1 0 1 0 0 1
+5 * 1
+3 * 1 0 1
cfi=(4)
cfn=(8)
calls=1 0x99b10 29 
* * 75017 15042 617 117 1242 102 117 1192 78
+2 +4 1
+3 * 1
+2 -4 1
+3 +1 1
+3 * 1
+2 3505 1
+4 * 1 1
+1 * 1 1
+1 * 1 1
+2 * 1 1 0 1 1 0 1
+2 -49 1
cob=(3)
cfi=(2)
cfn=(68)
calls=1 0x4889560 0 
* * 14 2 2 2 1 0 2

fn=(58)
0x97a70 1208 2 0 0 1 0 0 1
+3 * 2
+6 3513 2 0 2
+2 1210 2
+4 3513 2 0 2 1 0 0 1
+2 * 2 0 2
+2 * 2 0 2
+2 * 2 0 2
+1 * 2
+3 * 2 0 2
+1 * 2
+3 * 2
+7 1210 2
+4 * 2
jcnd=2/2 0x97ba0 * 
* * 
+46 3638 2 0 0 1 0 0 1
+3 +2 2 2
+4 -2 2
+4 +2 2
+3 * 2
jcnd=2/2 0x97e48 4147 
* * 
0x97ba0 1210 2 0 0 1 0 0 1
+4 * 2
+3 3553 2
+3 * 2
+6 1637 2
+3 * 2
+4 3577 2 2
+7 * 2 0 0 1 0 0 1
jcnd=1/2 0x97e30 4147 
* * 
+6 +58 1
+6 * 1
jcnd=1/1 0x97dc0 -46 
* * 
0x97ca3 -53 1 0 0 1 0 0 1
+4 * 1 1
+4 +2 1
+3 * 1
jcnd=1/1 0x97dc0 +5 
* * 
0x97dc0 +5 2 0 0 1 0 0 1
+5 * 2
+8 * 2
jump=2 0x97ac6 +49 
* * 
+69 4147 2 0 0 1 0 0 1
+7 * 2
+3 * 2 2
+1 * 2 2
+1 * 2 2
+2 * 2 2
+2 * 2 2
+2 * 2 2
+2 * 2 2
+10 * 1
+4 * 1
+8 * 1
jump=1 0x97ca3 3582 
* * 
+12 * 2 0 0 1 0 0 1
+3 * 2
+3 3637 2 0 2
+5 * 2
+4 * 2
+4 +3 2 0 2
+8 * 2 0 2
+5 * 2
+3 * 2 0 2
+5 * 2
+3 * 2 0 2
+4 * 2 0 2
+4 * 2 0 2 1 0 0 1
+8 * 2 0 2
+8 * 2 0 2
+9 * 2 0 2
+9 +77 2
+4 +1 2 2
+7 -1 2
+4 * 2
+3 -1 2
+2 * 2 0 2
+5 +2 2 2
+6 * 2
jcnd=1/2 +18 +4 
* * 
+2 -2 1 1
+7 * 1
+4 * 1 0 1
+5 +6 1 0 1
+8 * 1
+4 +73 1 0 1
+5 * 1 0 1
+5 * 1
+3 -67 1 1
+4 * 1
+3 * 1
jcnd=1/1 0x98238 3917 
* * 
-32 -6 1 0 1 1 0 0 1
+8 * 1
+4 +73 1 0 1
+5 * 1 0 1
+5 * 1
+3 -67 1 1
+4 * 1
+3 * 1
jcnd=1/1 0x98238 3917 
* * 
0x98238 3917 2 0 0 1 0 0 1
+7 * 2 0 0 1 0 0 1
jcnd=2/2 +37 +73 
* * 
+37 +73 2 2
+4 * 2
+3 +1 2
+2 +1 2
+2 -1 2
+5 +1 2
+3 +1 2
+2 * 2 2
+7 +1 2 0 0 1 0 0 1
+5 * 2
+2 * 2
+9 +5 2
+2 * 2
jcnd=2/2 0x98440 +4 
* * 
0x98440 +4 2 0 0 1 0 0 1
+3 * 2
+3 * 2
+2 +3 2
+2 * 2 2
+7 * 2
+2 * 2
+6 -3 2
+3 * 2
+3 * 2
+2 +3 2
+2 * 2 2
+7 * 2
+2 * 2
+6 -3 2
+3 * 2
jcnd=1/2 +16 4103 
* * 
+2 +3 1 1
+6 * 1
+2 * 1
+6 +97 2 2 0 1 0 0 1
+4 +1 2 2
+4 * 2
+4 +2 2 2 0 0 1 0 0 1
+7 * 2
+6 +3 2
+4 * 2
+3 * 2
jcnd=1/2 0x98705 +5 
* * 
+6 * 1 0 1
+5 +17 1 1
+3 * 1
+2 * 1
jcnd=1/1 0x98783 +15 
* * 
0x98705 -12 1 0 0 1 0 0 1
+7 -3 1
+3 +1 1
+4 * 1 1
+5 +2 1
+3 -1 1 0 1
+4 +1 1
+3 +2 1
+4 +3 1
+4 -5 1
+3 * 1
+4 * 1
+3 * 1
+4 * 1 0 1
+4 +2 1 0 1 0 0 1 0 0 1
+4 1868 1 1 0 1 0 0 1
+6 * 1
+2 * 1
jcnd=1/1 0x97e12 4147 
* * 
+59 4141 1 0 0 1 0 0 1
+3 * 1
+3 * 1 1
+5 * 1 0 1
cfn=(60)
calls=1 0x97200 2255 
* * 236 53 37 21 7 2 21 5 2
+5 * 1
+3 +1 1
+3 * 1
+6 1868 1 1
+6 * 1
+2 * 1
jcnd=1/1 0x97e12 4147 
* * 

fl=(18)
fn=(64)
0x114500 32 2 0 0 1 0 0 1
+4 * 2 0 2
+2 * 2 0 2
+1 +8 2 2 0 0 1
+7 -8 2 0 2
+1 * 2
+3 +8 2 2 0 0 1 0 0 1
+4 * 2
+3 * 2
jcnd=1/2 +71 +1 
* * 
+2 * 1 1 0 0 1 0 0 1
+6 * 1
+2 * 1
+2 +4 2
+3 * 2
jcnd=1/2 +38 +16 
* * 
+2 +4 1
+2 * 1
+3 * 1
+3 * 1
+3 * 1
+2 * 1
jcnd=1/1 +81 +8 
* * 
+23 +12 1
+3 * 1 1
+1 * 1 1
+1 * 1 1
+2 * 1 1
+11 -19 1 0 0 1 0 0 1
+2 * 1 0 1
cfi=(19)
cfn=(66)
calls=1 0x1144a0 -13 
* * 11 2 1 2 0 0 2
+5 * 1
+2 * 1
+2 * 1 1
+4 * 1
jump=1 -74 +3 
* * 
+25 +15 1 0 0 1 0 0 1
+4 * 1 0 1
cfi=(19)
cfn=(66)
calls=1 0x1144a0 -28 
* * 11 2 1
+5 * 1
+2 * 1
+2 +4 1
+3 * 1 1
+1 * 1 1
+1 * 1 1
+2 * 1 1

fl=(21)
fn=(74)
0x18b910 225 1 0 0 1 0 0 1
+4 +1 1
+3 +6 1
+4 +1 1
jcnd=1/1 +75 +44 
* * 
+75 +44 1 0 0 1 0 0 1
+3 +1 1
+2 +2 1
+3 +1 1
+2 +1 1
+3 +1 1
jcnd=1/1 +53 +36 
* * 
+53 +36 1 1 0 1 1 0 1 1
+4 +1 1 1
+2 +1 1 0 1
+4 +1 1 0 1
+2 +1 1 1

fl=(5)
fn=(12)
0x99050 289 1 0 1 1 0 0 1
+1 * 1
+4 * 1 1 0 0 1 0 0 1
+9 * 1 0 1
+5 * 1
+2 +13 1 1 0 0 1 0 0 1
+8 -8 1 0 1
+10 +8 1
jcnd=1/1 0x99210 +1 
* * 
+23 +6 1 0 0 1 0 0 1
+7 * 1 1 0 0 1 0 0 1
+7 * 1
+4 * 1 0 1 0 0 1 0 0 1
fi=(3)
+4 1795 1
+3 * 1
+7 * 1
+2 +3 1
+5 * 1
+4 * 1
+4 * 1 0 1 0 0 1 0 0 1
+3 -3 1 0 0 1 0 0 1
+3 * 1
jcnd=1/1 -19 +3 
* * 
-19 +3 126
+5 * 126
+4 * 126
+4 * 126 0 126 0 0 32 0 0 32
+3 -3 126
+3 * 126
jcnd=125/126 -19 +3 
* * 
+2 +11 1 0 1 0 0 1 0 0 1
fe=(5)
+11 313 1
+5 * 1
fi=(3)
+5 1807 1 0 1 0 0 1 0 0 1
+10 +2 1 0 1
fe=(5)
+7 313 1
+3 * 1
+7 * 1 0 1
cob=(3)
cfi=(2)
cfn=(46)
calls=1 0x4889450 0 
* * 804 258 131 6 51 22 6 9 2
+5 +1 1 0 0 1 0 0 1
+7 * 1
+3 * 1
+5 * 1 0 1
cob=(3)
cfi=(2)
cfn=(46)
calls=1 0x4889450 0 
* * 22 5 1 0 2 0 0 2
+5 +1 1
+7 * 1
+3 * 1
+5 * 1 0 1
cob=(3)
cfi=(2)
cfn=(46)
calls=1 0x4889450 0 
* * 21 5 1 0 1 0 0 1
+5 +1 1
+7 * 1
+3 * 1
+5 * 1 0 1
cob=(3)
cfi=(2)
cfn=(46)
calls=1 0x4889450 0 
* * 22 5 1 0 1 0 0 1
+5 +1 1
+7 * 1
+3 * 1 0 0 1 0 0 1
+5 * 1 0 1
cob=(3)
cfi=(2)
cfn=(46)
calls=1 0x4889450 0 
* * 22 5 1 0 1 0 0 1
+5 +1 1
+7 * 1
+3 * 1
+5 * 1 0 1
cob=(3)
cfi=(2)
cfn=(46)
calls=1 0x4889450 0 
* * 21 5 1 0 1 0 0 1
+5 +1 1
+7 * 1
+3 * 1
+5 * 1 0 1
cob=(3)
cfi=(2)
cfn=(46)
calls=1 0x4889450 0 
* * 22 5 1 0 1 0 0 1
+5 +1 1
+7 * 1
+3 * 1 0 0 1 0 0 1
+5 * 1 0 1
cob=(3)
cfi=(2)
cfn=(46)
calls=1 0x4889450 0 
* * 22 5 1 0 2 0 0 2
+5 +2 1
+7 * 1
+3 * 1
+5 * 1 0 1
cob=(3)
cfi=(2)
cfn=(46)
calls=1 0x4889450 0 
* * 22 5 1 0 1 0 0 1
+5 +1 1
+7 * 1
+3 * 1
+5 * 1 0 1
cob=(3)
cfi=(2)
cfn=(46)
calls=1 0x4889450 0 
* * 22 5 1
+5 +1 1
+7 * 1
+3 * 1
+5 * 1 0 1 1 0 0 1
cob=(3)
cfi=(2)
cfn=(46)
calls=1 0x4889450 0 
* * 22 5 1 0 2 0 0 2
+5 +3 1
+7 * 1
+3 * 1
+5 * 1 0 1
cob=(3)
cfi=(2)
cfn=(46)
calls=1 0x4889450 0 
* * 22 5 1 0 2 0 0 2
+5 +69 1 1 0 0 1 0 0 1
+7 * 1 1 0 0 1 0 0 1
+3 +1 1
+3 * 1
jcnd=1/1 +4 +3 
* * 
+4 +3 1 0 1 0 0 1
+10 +1 1 1
+5 * 1 1
+9 * 1
+2 * 1
+4 * 1 1
+1 * 1 1
+10 -98 1 0 0 1 0 0 1
+2 * 1
+3 * 1
+5 * 1
+7 * 1 0 1 0 0 1 0 0 1
cfi=(6)
cfn=(14)
calls=1 0x15f680 126 
* * 72444 14596 151 54 1158 29 54 1155 26
+5 * 1
+2 * 1
+6 +1 1 1
+4 * 1 1 0 0 1
+5 * 1
+6 * 1 0 0 1 0 0 1
jump=1 0x9908e +4 
* * 

ob=(1) /home/aleksa/Projekat_IV_godina/sha256_official/profiling/sha256
fl=(1) ???
fn=(2) pad(char*, unsigned long)
0x155e 0 1 0 0 1 0 0 1
+4 0 1 0 1
+1 0 1
+3 0 1
+4 0 1 0 1
+4 0 1 0 1
+4 0 1 1
+4 0 1
+4 0 1 0 1 1 0 1 1 0 1
+7 0 1 1
+7 0 1
+5 0 1
+3 0 1
+3 0 1
+5 0 1 0 1
+7 0 1 1
+7 0 1
+3 0 1
jcnd=1/1 +22 0 
* 0 
+22 0 1 1 0 1 0 0 1
+7 0 1 1
+7 0 1
+3 0 1
+4 0 1
+5 0 1
+6 0 1
jcnd=1/1 +33 0 
* 0 
+33 0 1 1 0 1 0 0 1
+7 0 1 1
+7 0 1
+3 0 1
+4 0 1 0 1
+7 0 1 1
+7 0 1
+4 0 1
+5 0 1
+3 0 1 0 1
cob=(3)
cfi=(2)
cfn=(4)
calls=1 0x109140 0 
* 0 75066 15052 624 124 1247 103 124 1195 79
+5 0 1 0 1 0 0 1
+7 0 1 1 0 1 0 0 1
+7 0 1 1
+4 0 1 1
+4 0 1
+3 0 1
+3 0 1 0 1
cob=(3)
cfi=(2)
cfn=(72)
calls=1 0x109150 0 
* 0 17 4 2 3 2 0 3 1
+5 0 1 1
+7 0 1 1
+4 0 1
+3 0 1 0 1
+3 0 1 1
+7 0 1
+3 0 1 0 1
cfn=(76) swapE64(unsigned long)
calls=1 0x142f 0 
* 0 34 8 6 3 0 0 3
+5 0 1 0 1
+7 0 1 1 0 1 0 0 1
+7 0 1 1
+7 0 1
+4 0 1
+4 0 1
+3 0 1 1
+7 0 1 0 1
+3 0 1
+1 0 1 1
+1 0 1 1

fn=(0) main
0x1e74 0 1
+3 0 1 0 1
+7 0 1 0 0 1 0 0 1
+7 0 1 1
+7 0 1 1
+7 0 1
+3 0 1
+3 0 1 0 1 0 0 1 0 0 1
cfn=(2)
calls=1 0x155e 0 
* 0 75177 15083 645 136 1249 105 136 1196 80

fn=(76)
0x142f 0 1 0 0 1 0 0 1
+4 0 1 0 1
+1 0 1
+3 0 1 0 1
+4 0 1 1
+4 0 1 0 1 1 0 0 1
+4 0 1 0 1
+5 0 1 1
+4 0 1
+4 0 1
+3 0 1
+10 0 1
+3 0 1 1
+4 0 1
+4 0 1
+3 0 1
+10 0 1
+3 0 1
+3 0 1 0 1
+4 0 1 1 0 1 0 0 1
+4 0 1
+4 0 1
+3 0 1
+10 0 1
+3 0 1 1
+4 0 1
+4 0 1
+3 0 1
+10 0 1
+3 0 1
+3 0 1 0 1
+4 0 1 1
+4 0 1 1
+1 0 1 1

ob=(4)
fl=(14) /build/glibc-wuryBv/glibc-2.31/elf/dl-open.c
fn=(40) _dl_find_dso_for_object
0x15490 201 1 0 0 1 0 0 1
+4 * 1 0 1
+2 * 1
+7 * 1 0 1
+2 * 1 0 1
+1 * 1
+2 * 1 0 1
+1 * 1
+3 * 1
+4 +4 1 1
+7 * 1
+3 * 1
+2 +1 1 1 0 0 1 0 0 1
+4 * 1
+3 * 1
+2 * 1
+1 +1 1 1 0 1 1 0 1 1
+8 * 1
-8 * 2 2 0 0 2 0 0 2
+8 * 2
+2 * 3 3
+8 * 3
jcnd=2/3 +28 -1 
* * 
+2 +1 1 1
+9 * 1
jcnd=1/1 +67 +3 
* * 
+17 -2 2 2
+5 * 2
+3 * 2
jcnd=2/2 -54 +1 
* * 
+42 +5 1 1 0 1 0 0 1
+5 * 1
+2 +4 1
+4 * 1
+3 * 1 1
+1 * 1 1
+1 * 1 1
+2 * 1 1
+2 * 1 1

fl=(9) /build/glibc-wuryBv/glibc-2.31/elf/../elf/dl-runtime.c
fn=(26) _dl_fixup
0x110c0 66 2 0 0 1 0 0 1
+4 * 2 0 2
+1 * 2
+3 +6 2
+2 * 2
+4 -6 2
+4 +3 2 2 0 0 2 0 0 1
+4 * 2 2 0 0 2 0 0 1
+4 +3 2 2 0 0 2 0 0 1
+7 * 2 2 0 0 2 0 0 1
+4 * 2
+4 -4 2 2
+4 +5 2 2 0 0 2 0 0 1
+4 +2 2 2 0 0 1 0 0 1
+3 -2 2 2 0 0 2 0 0 1
+4 * 2
+3 * 2
+4 * 2 0 0 1 0 0 1
+4 * 2
+4 +2 2 2 0 0 1 0 0 1
+3 -2 2 0 2
+5 +2 2
+3 +5 2
+3 * 2
+6 +4 2 2 0 0 2 0 0 1
+4 * 2
+6 +4 2 2 0 0 2 0 0 1
+7 * 2
+3 * 2
+2 +4 2 2 0 0 2 0 0 1
+4 * 2 2 0 0 2 0 0 1
+4 +1 2
+5 * 2 0 0 1 0 0 1
+4 * 2 2 0 0 1 0 0 1
+7 * 2
+4 -7 2
+5 * 2 2 0 0 2 0 0 1
+4 * 2
+3 * 2
+4 +16 2 2 0 0 1
+8 -1 2
+5 +1 2
+2 * 2
+6 +10 2 2
+2 * 2
+5 * 2
+6 * 2 0 0 1 0 0 1
+3 * 2 2 0 0 2 0 0 1
+7 * 2 0 2
+2 * 2 0 2
+1 * 2
+3 * 2
+3 * 2 0 2
cfi=(10) /build/glibc-wuryBv/glibc-2.31/elf/dl-lookup.c
cfn=(28) _dl_lookup_symbol_x
calls=2 0xc0d0 841 
* * 1377 357 142 29 65 20 29 39 10
+5 * 2
+3 +4 2 2
+8 * 2 2
+1 * 2 2
+1 * 2
+2 * 2
+2 +10 2 2
+5 * 2
+2 * 2
+3 * 2
+2 * 2 2
+5 * 2
+2 * 2
+3 * 2
+2 * 2 2 0 1 0 0 1
+3 +7 2 2
+4 +8 2 2
+4 * 2
+3 * 2
+3 * 2
+2 +4 2 2 0 0 2 0 0 1
+6 * 2
+2 * 2
fi=(13) /build/glibc-wuryBv/glibc-2.31/elf/../sysdeps/x86_64/dl-machine.h
+2 +97 2 0 2
fe=(9)
+3 -93 2
+4 * 2 2
+1 * 2 2

fl=(15)
fn=(50)
0x1a5e0 368 12 0 0 1 0 0 1
+4 +3 12
+2 * 12
+7 * 12
+8 * 12
+3 * 12
+4 * 12 12 0 0 11 0 0 11
+4 +9 12 12 0 1 4 0 1 4
+4 -9 12
+4 * 12
+2 * 12
+3 * 12
jcnd=9/12 +59 +19 
* * 
+2 +9 3 0 3
+2 +17 3
+8 * 3
+3 * 3 3 0 0 1 0 0 1
+5 * 3
+8 * 3
jcnd=3/3 +23 +2 
* * 
-24 * 9
+8 * 9
+3 * 9 9
+5 * 9
+8 * 9
jcnd=9/9 +23 +2 
* * 
+23 +2 12 12 0 1 0 0 1
+8 -9 9 0 9
+3 +1 9
jump=9 -58 +6 
* * 

fl=(7)
fn=(16)
0x1150 801 1 0 0 1 0 0 1
+4 +1 1 0 1 0 0 1 0 0 1
+4 +1 1 1

fn=(42)
0x1160 807 1
+4 +1 1 0 1 0 0 1
+4 +1 1 1

fl=(11) /build/glibc-wuryBv/glibc-2.31/string/../sysdeps/x86_64/strcmp.S
fn=(34) strcmp
0x1f600 111 4 0 0 1 0 0 1
+4 +33 4
+2 +1 4
+2 +2 4
+4 +1 4
+4 +21 4
+3 +1 4
+2 +1 4
+3 +1 4
+2 +1 4 4 0 0 2 0 0 2
+4 +1 4 4
+4 +1 4 4
+5 +1 4 4
+5 +21 4
+4 +1 4
+4 +1 4
+4 +1 4
+4 +1 4
+4 +1 4 0 0 1 0 0 1
+6 +1 4
jcnd=2/4 0x20a20 2211 
* * 
+6 +5 2
+4 +1 2
+4 * 2
+11 * 2
+1 +9 2
+4 +1 2
+4 +1 2
+5 +1 2
+3 +1 2
+3 +1 2
+3 +1 2
+2 +1 2
jcnd=1/2 +40 +21 
* * 
+2 +1 1
jcnd=1/1 +9 +5 
* * 
+9 +5 1 0 0 1 0 0 1
+4 +1 1
+3 +1 1
+7 +1 1 1 0 0 1 0 0 1
+4 +1 1
+4 +1 1
jump=1 0x208c0 2071 
* * 
+7 +10 1 1
+4 +1 1
+4 +1 1
+4 +2 1 1
+4 +6 1
+4 +1 1
+5 +1 1
+2 +1 1
+3 +1 1 0 0 1 0 0 1
+3 +5 1
jcnd=1/1 0x20a05 2202 
* * 
0x208c0 2071 1 0 0 1 0 0 1
+4 +1 1 1
+4 +1 1 1
+4 +1 1
+4 +1 1
+5 +2 1
+4 +1 1
+4 +1 1
+5 +1 1
+2 +1 1
+3 +1 1
+3 +1 1
jcnd=1/1 0x20a05 2202 
* * 
0x20a05 2202 2 0 0 1 0 0 1
+4 +1 2
+4 +1 2
+3 +1 2
jcnd=2/2 +16 +6 
* * 
+16 +6 4
+4 +6 4 4
+4 +1 4 4
+4 +8 4
+2 +1 4 4

fl=(8)
fn=(24)
0x18af0 67 2 0 0 1 0 0 1
+4 +5 2 0 2
+1 +3 2
+3 +2 2
+4 +10 2 2 0 1 2 0 1 1
+7 +6 2 0 2 0 0 2 0 0 2
+4 +1 2 0 2
+5 +1 2 0 2
+5 +1 2 0 2
+5 +1 2 0 2
+5 +1 2 0 2
+5 +1 2 0 2
+5 +4 2
+5 +1 2
+2 +3 2 0 2 0 0 2 0 0 1
+8 +1 2 0 2
+8 +2 2 0 2 1 0 0 1
+8 +1 2 0 2
+8 +1 2 0 2
+8 +1 2 0 2
+8 +1 2 0 2
+8 +1 2 0 2
+8 +2 2 0 68 0 0 19 0 0 11
+5 +7 2 2
+4 +1 2 2
+4 +1 2 0 2 0 0 2 0 0 1
cfi=(9)
cfn=(26)
calls=2 0x110c0 -60 
* * 1537 415 154 34 95 20 34 55 10
+5 +1 2 0 0 1 0 0 1
+3 +5 2
+5 +1 2
+2 +1 2 72
+5 +2 2 2
+5 +1 2 2
+5 +1 2 2
+5 +1 2 2
+5 +1 2 2
+5 +1 2 2
+5 +1 2 2
+4 +2 2
+3 +2 2 2
+4 +4 2
+4 +3 2

fl=(10)
fn=(28)
0xc0d0 841 2 0 0 1 0 0 1
+4 * 2 0 2
+2 * 2 0 2 0 0 2 0 0 1
+2 * 2 0 2
+2 * 2
+3 * 2 0 2
+2 * 2
+3 * 2 0 2
+1 * 2 0 2
+1 * 2
+7 582 2 2 0 0 2 0 0 2
+3 841 2 0 2 0 0 2 0 0 1
+5 * 2 0 2
+5 * 2 0 2
+5 * 2 0 2 1 0 0 1
+5 582 2
+2 * 2
+6 * 2
+3 -1 2
+5 * 2
+6 +2 2
+3 * 2
+3 -1 2
+4 +1 2
+4 * 2
+3 * 2
+3 -1 2 2
+3 * 2
+2 * 2
jcnd=2/2 -25 +1 
* * 
-25 +1 38
+3 * 38
+3 -1 38
+4 +1 38
+4 * 38
+3 * 38
+3 -1 38 38
+3 * 38
+2 * 38
jcnd=36/38 -25 +1 
* * 
+2 * 2
+2 847 2 0 2 0 0 2 0 0 1
+8 -4 2 0 0 1 0 0 1
+5 +1 2
+4 +7 2 2
+6 -8 2 0 2 0 0 2 0 0 1
+5 +1 2 0 2
+5 +7 2
+2 * 2 2
+8 * 2
+6 +3 2 2
+5 * 2 2
+4 * 2 2
+9 * 2 2
+3 * 2 0 0 1 0 0 1
+6 +6 2
+3 * 2
+6 -7 2 0 2
+9 * 2
+3 * 2 2
+5 * 2
+5 * 2
+5 * 2
jump=2 +30 +8 
* * 
+30 +8 2 2 2 1 0 2 1 0 1
+4 * 2 2
+4 * 2
+3 * 2
+3 * 2
+3 * 2 0 2
+1 * 2 2 2
+7 * 2 2
+7 * 2 0 2
+1 * 2
+3 * 2 2 2
+4 * 2 0 2
+1 * 2 0 2
cfn=(30) do_lookup_x
calls=2 0xb4c0 368 
* * 835 261 98 22 61 10 22 36 5
+5 * 2
+4 * 2
+2 * 2
+2 * 2 2
+4 +5 2 2 0 1 0 0 1
+6 * 2
+6 +24 2
+3 * 2
+2 * 2 2
+4 * 2
+3 * 2
+2 * 2
+2 * 2 2
+5 * 2
+2 +40 2 2
+8 * 2
+3 * 2
+2 * 2
+6 +14 2 2 0 0 2 0 0 1
+7 * 2
+2 * 2 0 0 1 0 0 1
+6 +3 2 2
+6 * 2
+5 * 2
+6 * 2 2
+5 +5 2 0 2
+4 +2 2
+7 * 2
+3 * 2 2
+1 * 2 2
+1 * 2 2
+2 * 2 2
+2 * 2 2
+2 * 2 2
+2 * 2 2

fn=(32) check_match
0xb330 75 2 0 2 1 0 0 1
+2 * 2
+3 * 2 0 2 0 0 2 0 0 1
+2 * 2
+3 * 2 2 0 0 2 0 0 2
+5 * 2 0 2 1 0 0 1
+2 * 2 0 2
+1 * 2
+2 * 2 2
+5 * 2 0 2
+1 * 2
+3 * 2 2
+5 * 2
+3 +3 2 2 0 0 1 0 0 1
+5 * 2
+6 +13 2
+5 * 2
+2 * 2
+2 * 2
+3 -13 2
+3 * 2
+3 * 2
+3 * 2
+3 +13 2
+3 * 2 0 0 1 0 0 1
+6 +3 2
+3 * 2
+2 * 2 2
+2 * 2
+3 * 2 2
+5 * 2 0 2
cfi=(11)
cfn=(34)
calls=2 0x1f600 +17 
* * 111 19 0 6 3 0 6 3
+5 * 2
+2 * 2
+6 +4 2 2
+8 +1 2
+3 * 2
+2 +2 2
+3 * 2
+6 +19 2 2
+4 * 2 2 0 0 2 0 0 1
+5 +1 2
+3 * 2 0 0 1 0 0 1
+5 * 2
+4 * 2 2
+8 * 2
+4 * 2 2 0 0 2 0 0 1
+3 * 2 2
+4 * 2
jcnd=2/2 0xb450 +1 
* * 
+14 +39 2
+3 +7 2 2
+1 * 2 2
+1 * 2 2
+2 * 2 2
+2 * 2 2
+2 * 2 2
+92 -45 2 2 0 1 0 0 1
+4 * 2 2
+3 * 2 0 2
cfi=(11)
cfn=(34)
calls=2 0x1f600 -11 
* * 50 14
+5 * 2
+2 * 2
jcnd=2/2 0xb3e9 +38 
* * 

fn=(30)
0xb4c0 368 2 0 2 1 0 0 1
+2 * 2 0 2 0 0 2 0 0 1
+2 * 2
+3 * 2 0 2
+2 * 2 0 2
+2 * 2 0 2
+1 * 2 0 2
+1 * 2
+7 +1 2 2 0 0 2 0 0 1
+4 -1 2 0 2 0 0 2 0 0 1
+5 * 2 2
+8 * 2 0 2 0 0 2 0 0 1
+5 * 2 2
+8 * 2 0 2
+5 * 2 0 2
+5 +48 2
+4 +35 2 0 0 1 0 0 1
+3 * 2 0 2
+5 * 2
+3 -65 2 2
+7 -11 2 2
+3 +41 2 0 2
+5 -30 2
+3 * 2 0 2
+4 +65 2
+3 * 2
jump=2 0xb5bf -72 
* * 
+12 -51 8 8 0 0 4 0 0 2
+6 * 8
+2 * 8
+2 +4 8 0 8 1 0 0 1
+11 +4 8 8 0 0 6 0 0 3
+4 -3 8 0 8
+12 +3 8 8 0 0 6 0 0 3
+4 * 8 0 8
+5 +1 8 8 0 0 2 0 0 1
+4 * 8 8
+4 * 8 0 8
+4 +3 8 8
+7 +1 8
+3 * 8
+6 +7 8 8
+5 * 8 8
+6 -3 8 8
+4 * 8 8
+6 -2 8 8 0 0 8 0 0 5
+4 +5 8
+3 * 8
+3 * 8
+3 +3 8
+3 * 8
+3 * 8
+2 * 8
+3 * 8
+3 * 8
+2 * 8
jcnd=2/8 0xb7b0 +4 
* * 
+6 571 6
+4 * 6
+3 * 6
+6 379 8 8 0 1 4 0 1 2
+5 * 8 8 0 0 7 0 0 4
+4 +3 8
+3 * 8
+2 +4 8
+3 * 8
jcnd=8/8 +11 +4 
* * 
+11 +4 8 8 0 0 6 0 0 3
+7 * 8
+2 +4 8 8 0 0 2 0 0 1
+7 * 8
jcnd=8/8 0xb530 +6 
* * 
0xb748 +88 2 2 0 1 0 0 1
+9 * 2
fi=(12) /build/glibc-wuryBv/glibc-2.31/elf/../sysdeps/generic/ldsodefs.h
+6 126 2 2
+5 * 2
+3 * 2
fe=(10)
+3 533 2
+3 * 2
+6 +3 2 2
+5 * 2
+3 * 2
+2 * 2
+6 * 2
+2 * 2
+6 * 2
+2 * 2
+6 +16 2 2
+5 * 2
+5 * 2
+5 * 2
+4 * 2 0 2
+3 +2 2
+5 * 2
jump=2 0xb8a2 +21 
* * 
+10 427 2 0 0 1 0 0 1
+3 * 2
+2 * 2
+3 -1 2 2
+7 * 2 2 0 1 2 0 1 1
+3 +2 2
+2 * 2
+6 +2 2 2
+7 +6 2 0 2
+5 * 2 0 2
+5 * 2 2
+8 -6 2
+4 +6 2
+8 * 2 0 2
+5 * 2 2
+8 * 2 0 2 1 0 0 1
+8 * 2
+3 * 2 0 2
+8 * 2 2
+5 * 2 0 2
+5 * 2
jump=2 +20 -3 
* * 
+20 -3 2 2 0 0 2 0 0 2
+3 * 2
+3 * 2
+3 * 2
+3 * 2
+2 +3 2
+4 -1 2 0 0 1 0 0 1
+3 * 2 2
+7 +1 2
+3 * 2 2 2 0 0 2 0 0 1
+4 -1 2
+4 +2 2
+2 * 2
+4 -1 2
+8 * 2 0 2
+1 * 2
+3 * 2 0 2
+1 * 2 2 2
+4 * 2 0 2
+1 * 2 2
+5 * 2 2
+8 * 2 2
+5 * 2 0 0 1 0 0 1
+4 * 2
+3 * 2 0 2
cfn=(32)
calls=2 0xb330 75 
* * 281 73 14 11 10 2 11 8 1
+5 +4 2
+4 * 2
+3 * 2
jcnd=2/2 0xbfd4 294 
* * 
+17 575 2
+7 * 2 2
+1 * 2 2
+1 * 2 2
+2 * 2 2
+2 * 2 2
+2 * 2 2
+2 * 2 2
0xbfd4 294 2 2 0 1 0 0 1
+5 * 2 2
+5 * 2
+3 * 2 2
+8 * 2 2
+8 * 2 2
+5 * 2
jump=2 0xb748 482 
* * 

totals: 75185 15085 647 137 1249 106 137 1196 81
