# callgrind format
version: 1
creator: callgrind-3.15.0
pid: 3278
cmd:  ./sha256 alexa
part: 1


desc: I1 cache: 32768 B, 64 B, 8-way associative
desc: D1 cache: 32768 B, 64 B, 8-way associative
desc: LL cache: 6291456 B, 64 B, 12-way associative

desc: Timerange: Basic block 0 - 2416
desc: Trigger: Program termination

positions: instr line
events: Ir Dr Dw I1mr D1mr D1mw ILmr DLmr DLmw
summary: 0


ob=(1) /home/aleksa/Projekat_IV_godina/sha256_official/profiling/sha256
fl=(1) ???
fn=(10) rotr(unsigned int, unsigned long)
0x1249 0 576 0 0 1 0 0 1
+4 0 576 0 576
+1 0 576
+3 0 576 0 576
+3 0 576 0 576
+4 0 576 576
+4 0 576
+2 0 576 576
+3 0 576
+2 0 576
+2 0 576 576
+1 0 576 576

fn=(12) shr(unsigned int, unsigned long)
0x1267 0 96
+4 0 96 0 96
+1 0 96
+3 0 96 0 96
+3 0 96 0 96
+4 0 96 96
+4 0 96
+2 0 96 96
+3 0 96 0 0 1 0 0 1
+2 0 96
+2 0 96 96
+1 0 96 96

fn=(20) ep0(unsigned int)
0x12d0 0 64 0 0 1 0 0 1
+4 0 64 0 64
+1 0 64
+3 0 64 0 64
+1 0 64
+4 0 64 0 64
+3 0 64 64
+3 0 64
+5 0 64
+2 0 64 0 64
cfn=(10)
calls=64 0x1249 0 
* 0 768 256 192
+5 0 64
+2 0 64 64
+3 0 64
+5 0 64
+2 0 64 0 64
cfn=(10)
calls=64 0x1249 0 
* 0 768 256 192
+5 0 64
+2 0 64 64
+3 0 64
+5 0 64
+2 0 64 0 64
cfn=(10)
calls=64 0x1249 0 
* 0 768 256 192
+5 0 64
+2 0 64
+4 0 64 64
+1 0 64 64
+1 0 64 64

fn=(4) swapE32(unsigned int)
0x13f8 0 16 0 0 1 0 0 1
+4 0 16 0 16
+1 0 16
+3 0 16 0 16 1 0 0 1
+3 0 16 16
+3 0 16 0 16
+3 0 16 0 16
+4 0 16 16
+3 0 16
+3 0 16
+5 0 16
+2 0 16 16
+3 0 16
+3 0 16
+5 0 16
+2 0 16 0 16
+3 0 16 16
+3 0 16 16
+1 0 16 16

fn=(14) sig0(unsigned int)
0x1364 0 48 0 0 1 0 0 1
+4 0 48 0 48
+1 0 48
+3 0 48 0 48
+1 0 48
+4 0 48 0 48
+3 0 48 48
+3 0 48
+5 0 48
+2 0 48 0 48
cfn=(10)
calls=48 0x1249 0 
* 0 576 192 144
+5 0 48
+2 0 48 48
+3 0 48
+5 0 48
+2 0 48 0 48
cfn=(10)
calls=48 0x1249 0 
* 0 576 192 144
+5 0 48
+2 0 48 48
+3 0 48
+5 0 48
+2 0 48 0 48
cfn=(12)
calls=48 0x1267 0 
* 0 576 192 144
+5 0 48
+2 0 48
+4 0 48 48
+1 0 48 48
+1 0 48 48

fn=(0) main
0x1e8d 0 1
+3 0 1 0 1
+7 0 1 1
+7 0 1 0 1
cfn=(2) parse()
calls=1 0x16a2 0 
* 0 612 215 133 5 3 3 5 3 3
+5 0 1 0 1
cfn=(6) hash()
calls=1 0x1727 0 
* 0 21578 7068 5097 18 5 5 18 5 5

fn=(6)
0x1727 0 1
+4 0 1 0 1
+1 0 1
+3 0 1 0 1
+1 0 1
+4 0 1 0 1
+8 0 1 1 0 1 0 0 1
+7 0 1 1
+4 0 1
-11 0 1 1
+7 0 1 1
+4 0 1
jcnd=1/1 0x1a1b 0 
* 0 
+6 0 1 0 1
+8 0 1 1
+5 0 1
-5 0 16 16
+5 0 16
jcnd=1/16 +65 0 
* 0 
+2 0 16 16
+7 0 16 16
+4 0 16
+3 0 16
+4 0 16 16
+4 0 16
+3 0 16
+4 0 16
+3 0 16 16
+2 0 16 16 0 1 0 0 1
+4 0 16
+8 0 16
+7 0 16 0 16 0 0 1 0 0 1
+3 0 16 0 16
+5 0 16
jump=16 -68 0 
* 0 
+2 0 1 0 1
+8 0 1 1
+5 0 1
-5 0 48 48
+5 0 48
jcnd=1/48 0x184c 0 
* 0 
+6 0 48 48
+4 0 48
+4 0 48
+8 0 48 0 0 1 0 0 1
+7 0 48 48
+3 0 48
+2 0 48 0 48
cfn=(8) sig1(unsigned int)
calls=48 0x13ae 0 
* 0 2928 864 720 3 0 1 3 0 1
+5 0 48 48
+4 0 48
+4 0 48
+8 0 48
+7 0 48 48
+3 0 48
+3 0 48 48
+4 0 48
+4 0 48
+8 0 48 0 0 1 0 0 1
+7 0 48 48
+3 0 48
+2 0 48 0 48
cfn=(14)
calls=48 0x1364 0 
* 0 2928 864 720 1 0 0 1
+5 0 48
+3 0 48 48
+4 0 48
+4 0 48
+8 0 48
+7 0 48 48
+3 0 48
+2 0 48 48
+4 0 48
+8 0 48
+7 0 48 0 48 1 0 3 1 0 3
+3 0 48 0 48
+5 0 48
jump=48 0x17a3 0 
* 0 
+5 0 1 0 1
+8 0 1 1
+5 0 1
-5 0 8 8
+5 0 8
jcnd=1/8 +53 0 
* 0 
+2 0 8 8
+4 0 8
+8 0 8
+7 0 8 8 0 0 1 0 0 1
+3 0 8 8
+4 0 8
+8 0 8 0 0 1 0 0 1
+7 0 8 0 8
+3 0 8 0 8
+5 0 8
jump=8 -56 0 
* 0 
+2 0 1 0 1
+8 0 1 1
+5 0 1
-5 0 64 64
+5 0 64
jcnd=1/64 0x19b6 0 
* 0 
+6 0 64 64
+6 0 64 64
+6 0 64
+2 0 64 0 64
cfn=(16) ep1(unsigned int)
calls=64 0x131a 0 
* 0 3904 1152 960 1 0 0 1
+5 0 64
+2 0 64 64
+6 0 64 64 0 1 0 0 1
+6 0 64 64
+6 0 64
+2 0 64
+2 0 64 0 64
cfn=(18) Ch(unsigned int, unsigned int, unsigned int)
calls=64 0x1285 0 
* 0 960 384 256
+5 0 64
+3 0 64 64
+4 0 64
+8 0 64
+7 0 64 64 0 0 4 0 0 4
+3 0 64
+2 0 64 64
+4 0 64
+8 0 64
+7 0 64 64 0 1 0 0 1
+3 0 64
+2 0 64 0 64
+6 0 64 64
+6 0 64
+2 0 64 0 64
cfn=(20)
calls=64 0x12d0 0 
* 0 3904 1152 960 1 0 0 1
+5 0 64
+2 0 64 64
+6 0 64 64
+6 0 64 64
+6 0 64
+2 0 64
+2 0 64 0 64
cfn=(22) Maj(unsigned int, unsigned int, unsigned int)
calls=64 0x12aa 0 
* 0 960 448 256
+5 0 64
+2 0 64 0 64
+6 0 64 64 0 1 0 0 1
+6 0 64 0 64
+6 0 64 64
+6 0 64 0 64
+6 0 64 64
+6 0 64 0 64
+6 0 64 64
+6 0 64 64
+6 0 64
+2 0 64 0 64
+6 0 64 64
+6 0 64 0 64
+6 0 64 64 0 1 0 0 1
+6 0 64 0 64
+6 0 64 64
+6 0 64 0 64
+6 0 64 64
+6 0 64 64
+6 0 64
+2 0 64 0 64
+6 0 64 0 64
+5 0 64
jump=64 0x1896 0 
* 0 
+5 0 1 0 1
+8 0 1 1 0 1 0 0 1
+5 0 1
-5 0 8 8
+5 0 8
jcnd=1/8 +78 0 
* 0 
+2 0 8 8
+4 0 8
+8 0 8
+7 0 8 8
+3 0 8 8
+4 0 8
+8 0 8
+7 0 8 8
+3 0 8
+3 0 8 8
+4 0 8
+8 0 8 0 0 1 0 0 1
+7 0 8 0 8
+3 0 8 0 8
+5 0 8
jump=8 -81 0 
* 0 
+2 0 1 0 1
+5 0 1
jump=1 0x173c 0 
* 0 
+5 0 1
+1 0 1
+4 0 1 1
+1 0 1 1
+1 0 1 1

fn=(16)
0x131a 0 64 0 0 1 0 0 1
+4 0 64 0 64
+1 0 64
+3 0 64 0 64
+1 0 64
+4 0 64 0 64
+3 0 64 64
+3 0 64
+5 0 64
+2 0 64 0 64
cfn=(10)
calls=64 0x1249 0 
* 0 768 256 192
+5 0 64
+2 0 64 64
+3 0 64
+5 0 64
+2 0 64 0 64
cfn=(10)
calls=64 0x1249 0 
* 0 768 256 192
+5 0 64
+2 0 64 64
+3 0 64
+5 0 64
+2 0 64 0 64
cfn=(10)
calls=64 0x1249 0 
* 0 768 256 192
+5 0 64
+2 0 64
+4 0 64 64
+1 0 64 64
+1 0 64 64

fn=(22)
0x12aa 0 64
+4 0 64 0 64
+1 0 64
+3 0 64 0 64
+3 0 64 0 64
+3 0 64 0 64
+3 0 64 64
+3 0 64 64
+3 0 64 64
+3 0 64
+2 0 64 64
+3 0 64 64
+3 0 64
+2 0 64 64
+1 0 64 64

fn=(2)
0x16a2 0 1 0 0 1 0 0 1
+4 0 1 0 1
+1 0 1
+3 0 1 0 1
+1 0 1
+4 0 1 1 0 0 1 0 0 1
+7 0 1
+4 0 1 0 1 1 0 1 1 0 1
+7 0 1 1
+7 0 1 0 1 0 0 1 0 0 1
+7 0 1 0 1
+8 0 1 1
+7 0 1
+4 0 1 1
+4 0 1
-15 0 16 16
+7 0 16
+4 0 16 16
+4 0 16
jcnd=1/16 +57 0 
* 0 
+2 0 16 16
+7 0 16 16
+4 0 16
+4 0 16
+3 0 16 16 0 0 2 0 0 2
+2 0 16 16 0 1 0 0 1
+7 0 16 16
+4 0 16
+4 0 16
+4 0 16
+2 0 16 0 16 0 0 1 0 0 1
cfn=(4)
calls=16 0x13f8 0 
* 0 304 96 80 2 0 0 2
+5 0 16 0 16
+2 0 16 0 16
+5 0 16
jump=16 -70 0 
* 0 
+2 0 1
+1 0 1
+4 0 1 1
+1 0 1 1
+1 0 1 1

fn=(8)
0x13ae 0 48 0 0 1 0 0 1
+4 0 48 0 48
+1 0 48
+3 0 48 0 48
+1 0 48
+4 0 48 0 48 0 0 1 0 0 1
+3 0 48 48
+3 0 48
+5 0 48
+2 0 48 0 48
cfn=(10)
calls=48 0x1249 0 
* 0 576 192 144 1 0 0 1
+5 0 48
+2 0 48 48
+3 0 48
+5 0 48
+2 0 48 0 48
cfn=(10)
calls=48 0x1249 0 
* 0 576 192 144
+5 0 48
+2 0 48 48
+3 0 48
+5 0 48
+2 0 48 0 48
cfn=(12)
calls=48 0x1267 0 
* 0 576 192 144 1 0 0 1
+5 0 48
+2 0 48
+4 0 48 48
+1 0 48 48
+1 0 48 48

fn=(18)
0x1285 0 64
+4 0 64 0 64
+1 0 64
+3 0 64 0 64
+3 0 64 0 64
+3 0 64 0 64
+3 0 64 64
+3 0 64 64
+3 0 64
+2 0 64 64
+3 0 64
+2 0 64 64
+3 0 64
+2 0 64 64
+1 0 64 64

totals: 22195 7284 5233 23 8 8 23 8 8
